[
[00,00,02,02],
[02,00,02,02],
[04,00,02,02],
[06,00,02,02],
[0A,00,02,02],
[0C,00,02,02],
[0E,00,02,02],
[12,00,02,02],
[14,00,02,02],
[16,00,02,02],
[1A,00,02,02],
[1C,00,02,02],
[1E,00,02,02],
[02,02,02,02],
[04,02,02,02],
[06,02,02,02],
[08,02,02,02],
[0C,02,02,02],
[0E,02,02,02],
[12,02,02,02],
[14,02,02,02],
[16,02,02,02],
[18,02,02,02],
[1C,02,02,02],
[1E,02,02,02],
[00,04,02,02],
[02,04,02,02],
[04,04,02,02],
[06,04,02,02],
[08,04,02,02],
[0A,04,02,02],
[0C,04,02,02],
[10,04,02,02],
[12,04,02,02],
[14,04,02,02],
[18,04,02,02],
[1A,04,02,02],
[00,06,02,02],
[02,06,02,02],
[04,06,02,02],
[06,06,02,02],
[08,06,02,02],
[0A,06,02,02],
[0C,06,02,02],
[10,06,02,02],
[12,06,02,02],
[14,06,02,02],
[16,06,02,02],
[18,06,02,02],
[00,08,02,03],
[02,08,02,03],
[04,08,02,03],
[06,08,02,03],
[08,08,03,03],
[0B,08,03,03],
[0E,08,03,03],
[11,08,03,03],
[00,0B,03,03],
[03,0B,03,03],
[06,0B,03,03],
[09,0B,03,03],
[0C,0B,03,03],
[0F,0B,03,03],
[15,0C,02,02],
[17,0C,02,02],
[19,0C,02,02],
[1B,0C,02,02],
[00,0E,02,02],
[02,0E,02,02],
[04,0E,02,02],
[06,0E,02,02],
[00,10,02,02],
[02,10,02,02],
[04,10,02,02],
[06,10,02,02],
[08,10,02,02],
[0A,10,02,02],
[0C,10,02,02],
[0E,10,02,02],
[10,10,02,02],
[12,10,02,02],
[14,10,02,02],
[1E,10,02,02],
[00,12,01,01],
[01,12,01,01],
[02,12,01,01],
[03,12,01,01],
[04,12,01,01],
[05,12,01,01],
[06,12,01,01],
[07,12,01,01],
[08,12,01,01],
[09,12,01,01],
[0A,12,01,01],
[0B,12,01,01],
[0C,12,01,01],
[0D,12,01,01],
[0E,12,01,01],
[0F,12,01,01],
[10,12,01,01],
[11,12,01,01],
[00,13,01,01],
[01,13,01,01],
[02,13,01,01],
[03,13,01,01],
[04,13,01,01],
[05,13,01,01],
[06,13,01,01],
[07,13,01,01],
[08,13,01,01],
[09,13,01,01],
[0A,13,01,01],
[0B,13,01,01],
[0C,13,01,01],
[0D,13,01,01],
[0E,13,01,01],
[0F,13,01,01],
[10,13,01,01],
[11,13,01,01],
[12,13,01,01],
[13,13,01,01],
[14,13,01,01],
[15,13,01,01],
[14,12,01,01],
[15,12,01,01],
[16,12,01,01],
[17,12,01,01],
[18,12,01,01],
[19,12,01,01],
[1A,12,01,01],
[1B,12,01,01],
[1C,12,01,01],
[1D,12,01,01],
[17,13,01,01],
[18,13,01,01],
[19,13,01,01],
[1A,13,01,01],
[1B,13,01,01],
[1C,13,01,01],
[1D,13,01,01],
[1E,12,02,02],
]